  213      -1633.707        875.708
  212      -1629.912        365.702
  211      -1624.904       -165.509
  210      -1618.875       -689.156
  310      -2103.829       -481.379
  324      -1356.642       1315.181
  323      -1355.828       803.7805
  322       -1353.78        352.039
  321      -1353.476       -113.496
  320      -1351.753       -561.319
  135      -1005.695       1275.903
  134       -1001.35       796.4408
  422       -843.078       656.7932
  423       -849.769       1270.448
  332       -399.213        278.793
  333       -396.407       750.0176
  334       -390.462       1141.932
  433       -294.979       1283.831
  432       -308.536       642.4373
  431       -319.885          8.472
  430       -331.275       -627.235
  221          65.35       -345.098
  222          75.08        272.229
  223         87.903       897.0669
  145        343.798       1301.139
  144            331       781.9941
  143        322.081        118.417
  142        308.562       -518.285
  220         53.626       -919.232
  344        650.522       1199.017
  343        639.561       776.3965
  342         630.84        251.406
  452        981.016        621.481
  453       1014.257       1310.578
  460       1603.258       -822.093
  461       1651.603       -103.166
  152       1680.839       -638.423
  154       1733.917       767.1623
  155       1753.378       1332.582
  354       2075.585       1209.737
  353       2055.364       748.9896
  151           1656          -1254
  350       1984.497       -842.974
  351       2006.501       -361.725
  352       2032.629       189.2333
  153       1709.999       48.66049
  462       1672.006       606.7797
  400      -1791.045      -483.8698
  401      -1803.697       104.1403
  402      -1814.397       673.5446
  403      -1825.488       1252.982
  312      -2117.165       388.0914
  313        -2124.3       823.9112
  314          -2133           1298
  214          -1637           1416
  331           -403           -190
  141            296          -1099
  340            605           -720
  450            926           -753
